0.0,0.32448468172836065,0.21550696913283582,0.4520630725389397,0.41093752462737515,6.300593189422142,6.199466747091471,6.204104142688307,5.805546908245901
0.32448468172836065,0.0,0.2516929413031688,0.3822691852780231,0.34433917273586334,5.739158304564232,5.646127850848601,5.650958880845569,5.249906252530861
0.21550696913283582,0.2516929413031688,0.0,0.40753883893598414,0.4352128997478855,6.1941283925966975,6.117258480771618,6.107494140892051,5.719261374959907
0.4520630725389397,0.3822691852780231,0.40753883893598414,0.0,0.4263857475183991,5.4577901353540605,5.373954653829614,5.3779580785952845,4.9973643027452574
0.41093752462737515,0.34433917273586334,0.4352128997478855,0.4263857475183991,0.0,5.38915959970588,5.2908734014248004,5.29337560866223,4.900970080818876
6.300593189422142,5.739158304564232,6.1941283925966975,5.4577901353540605,5.38915959970588,0.0,0.22669398533573046,0.22257523546333,1.2633375440237093
6.199466747091471,5.646127850848601,6.117258480771618,5.373954653829614,5.2908734014248004,0.22669398533573046,0.0,0.2198972017090384,1.1334031357874292
6.204104142688307,5.650958880845569,6.107494140892051,5.3779580785952845,5.29337560866223,0.22257523546333,0.2198972017090384,0.0,1.1449233409125061
5.805546908245901,5.249906252530861,5.719261374959907,4.9973643027452574,4.900970080818876,1.2633375440237093,1.1334031357874292,1.1449233409125061,0.0
