0.0,7.070244067677875,6.92998313472805,6.733242319825442,7.625655037906928,7.122226431476857,7.246771317662247,7.369514976836155,11.234998584482089
7.070244067677875,0.0,1.417535691976482,1.9449194014145539,1.7714599803326083,1.3622097421672437,1.4202734727208095,1.7152284888432046,6.678151102024717
6.92998313472805,1.417535691976482,0.0,1.5179124289716557,2.043555589847613,1.5302290268982452,1.665845689100178,1.9669549698437465,6.627433086685189
6.733242319825442,1.9449194014145539,1.5179124289716557,0.0,2.1921099967341453,1.6905567997304118,1.7436181136677678,2.1094361628204457,6.737636247134996
7.625655037906928,1.7714599803326083,2.043555589847613,2.1921099967341453,0.0,0.8127657783249749,0.8250902393670196,1.0777850486197276,6.504078863061784
7.122226431476857,1.3622097421672437,1.5302290268982452,1.6905567997304118,0.8127657783249749,0.0,0.6978828891299985,1.0535816349425737,7.199630565286681
7.246771317662247,1.4202734727208095,1.665845689100178,1.7436181136677678,0.8250902393670196,0.6978828891299985,0.0,0.9842965035513078,6.9501922058777055
7.369514976836155,1.7152284888432046,1.9669549698437465,2.1094361628204457,1.0777850486197276,1.0535816349425737,0.9842965035513078,0.0,6.581184592835166
11.234998584482089,6.678151102024717,6.627433086685189,6.737636247134996,6.504078863061784,7.199630565286681,6.9501922058777055,6.581184592835166,0.0
