0.0,0.27309373156677,0.23769307225638137,0.1776410496625404,0.36023648660445445,0.2059999432145097,0.20253896283592018,0.332403728900742,1.404876642969443
0.27309373156677,0.0,0.24000482281558275,0.2212076951761837,0.3535821475399655,0.23470181212972208,0.23308038102743917,0.3152258173512401,1.3280266638963774
0.23769307225638137,0.24000482281558275,0.0,0.14910475919087207,0.3915310359751853,0.2311934196580976,0.23686223869910553,0.36565583109179106,1.4852574352617989
0.1776410496625404,0.2212076951761837,0.14910475919087207,0.0,0.42505085219738,0.18489151055521696,0.19628604222038923,0.4084036799696974,1.864966475108148
0.36023648660445445,0.3535821475399655,0.3915310359751853,0.42505085219738,0.0,0.15905659293686714,0.16259052473043262,0.22922610413280428,1.4748297634930807
0.2059999432145097,0.23470181212972208,0.2311934196580976,0.18489151055521696,0.15905659293686714,0.0,0.08575996655078721,0.21973698272800027,1.6985783472395484
0.20253896283592018,0.23308038102743917,0.23686223869910553,0.19628604222038923,0.16259052473043262,0.08575996655078721,0.0,0.21775177866863138,1.6788998096882288
0.332403728900742,0.3152258173512401,0.36565583109179106,0.4084036799696974,0.22922610413280428,0.21973698272800027,0.21775177866863138,0.0,1.4732248727622763
1.404876642969443,1.3280266638963774,1.4852574352617989,1.864966475108148,1.4748297634930807,1.6985783472395484,1.6788998096882288,1.4732248727622763,0.0
