,0,1,2,3,4,5,6,7,8
0,0.00,12.19,12.07,11.70,12.18,18.02,24.84,24.56,23.38
1,12.19,0.00,1.42,1.94,1.77,6.82,23.37,23.36,21.84
2,12.07,1.42,0.00,1.52,2.04,7.42,23.66,23.64,22.02
3,11.70,1.94,1.52,0.00,2.19,6.77,24.05,23.98,22.13
4,12.18,1.77,2.04,2.19,0.00,6.04,21.76,21.72,20.36
5,18.02,6.82,7.42,6.77,6.04,0.00,17.89,17.87,17.95
6,24.84,23.37,23.66,24.05,21.76,17.89,0.00,0.98,6.95
7,24.56,23.36,23.64,23.98,21.72,17.87,0.98,0.00,6.58
8,23.38,21.84,22.02,22.13,20.36,17.95,6.95,6.58,0.00
