0.0,0.27309373156677,0.23769307225638137,0.1776410496625404,0.36023648660445445,0.2059999432145097,5.948968942357884,5.849504782580181,5.211167273093551
0.27309373156677,0.0,0.24000482281558275,0.2212076951761837,0.3535821475399655,0.23470181212972208,5.783657930660156,5.670106294064155,4.980710799808358
0.23769307225638137,0.24000482281558275,0.0,0.14910475919087207,0.3915310359751853,0.2311934196580976,6.096232837997257,6.003478958383252,5.35457490985979
0.1776410496625404,0.2212076951761837,0.14910475919087207,0.0,0.42505085219738,0.18489151055521696,6.892866766943694,6.80022852770154,6.119207158415837
0.36023648660445445,0.3535821475399655,0.3915310359751853,0.42505085219738,0.0,0.15905659293686714,5.814173342638219,5.698558365966821,5.061244735153223
0.2059999432145097,0.23470181212972208,0.2311934196580976,0.18489151055521696,0.15905659293686714,0.0,6.229175758338482,6.116116715830962,5.468179941900735
5.948968942357884,5.783657930660156,6.096232837997257,6.892866766943694,5.814173342638219,6.229175758338482,0.0,0.21775180965478963,1.678899815033453
5.849504782580181,5.670106294064155,6.003478958383252,6.80022852770154,5.698558365966821,6.116116715830962,0.21775180965478963,0.0,1.4732248711625244
5.211167273093551,4.980710799808358,5.35457490985979,6.119207158415837,5.061244735153223,5.468179941900735,1.678899815033453,1.4732248711625244,0.0
