0.0,0.9108314514259837,0.9221506865759416,0.8899560394963458,0.9070512936292896,0.9031765911904119,0.9011080284632674,0.8896917226104657,0.7560318182112736
0.9108314514259837,0.0,0.8289812500431403,0.7819547873789118,0.8081726740496911,0.832607798201179,0.8108334822467492,0.7964749780579466,0.6820292401138399
0.9221506865759416,0.8289812500431403,0.0,0.8533159988120391,0.8417048658968239,0.868408684426653,0.8579476876399001,0.8308886068725166,0.7294954513398376
0.8899560394963458,0.7819547873789118,0.8533159988120391,0.0,0.8197339563538687,0.8166506377069649,0.8202119324923084,0.8007867431172544,0.6619606974861832
0.9070512936292896,0.8081726740496911,0.8417048658968239,0.8197339563538687,0.0,0.7927376975044291,0.8055840693563457,0.8032170959436717,0.674659929954847
0.9031765911904119,0.832607798201179,0.868408684426653,0.8166506377069649,0.7927376975044291,0.0,0.8350522733534516,0.7945214415939272,0.671291096479744
0.9011080284632674,0.8108334822467492,0.8579476876399001,0.8202119324923084,0.8055840693563457,0.8350522733534516,0.0,0.8267952191793971,0.6710252104081009
0.8896917226104657,0.7964749780579466,0.8308886068725166,0.8007867431172544,0.8032170959436717,0.7945214415939272,0.8267952191793971,0.0,0.6341854874605743
0.7560318182112736,0.6820292401138399,0.7294954513398376,0.6619606974861832,0.674659929954847,0.671291096479744,0.6710252104081009,0.6341854874605743,0.0
