0.0,0.22284954732312898,0.18503389892463631,0.19495459775993973,0.19325159800514463,0.2026973217583269,0.1759510655348043,0.18473807366156864,0.15478597405356814
0.22284954732312898,0.0,0.16922155750081921,0.19691631915715824,0.20156064937544182,0.19875282632056604,0.20090191976988106,0.19645199159731516,0.16248217819784558
0.18503389892463631,0.16922155750081921,0.0,0.16704864718310672,0.1684317456913418,0.172468074943618,0.15998959057914738,0.16864147159264598,0.14581503344418117
0.19495459775993973,0.19691631915715824,0.16704864718310672,0.0,0.17041544117925514,0.16545169142405258,0.1672980823634794,0.1684535399241641,0.14153465561775158
0.19325159800514463,0.20156064937544182,0.1684317456913418,0.17041544117925514,0.0,0.16754151712106885,0.17320710523263144,0.1600009073455799,0.1495462701517013
0.2026973217583269,0.19875282632056604,0.172468074943618,0.16545169142405258,0.16754151712106885,0.0,0.1766925792501606,0.18046464861046646,0.14654396448369109
0.1759510655348043,0.20090191976988106,0.15998959057914738,0.1672980823634794,0.17320710523263144,0.1766925792501606,0.0,0.1767241133473189,0.13653617805947119
0.18473807366156864,0.19645199159731516,0.16864147159264598,0.1684535399241641,0.1600009073455799,0.18046464861046646,0.1767241133473189,0.0,0.1267174122396843
0.15478597405356814,0.16248217819784558,0.14581503344418117,0.14153465561775158,0.1495462701517013,0.14654396448369109,0.13653617805947119,0.1267174122396843,0.0
