0.0,0.27481024781677305,0.3725906446398664,0.2570409487015809,0.2917775304769253,0.23061071086293639,0.2076017450826415,0.33709577665035145,1.6690411207429126
0.27481024781677305,0.0,0.37279144978178613,0.2900474390309111,0.3199647135834727,0.25486351421851483,0.23516776653578716,0.3685371016549489,1.7287951740807623
0.3725906446398664,0.37279144978178613,0.0,0.20019661930306243,0.33862173628880476,0.2907736093784923,0.2787045549340813,0.3649935223302782,1.371478631916288
0.2570409487015809,0.2900474390309111,0.20019661930306243,0.0,0.3293101873623578,0.2548382710832896,0.23433170005962398,0.3624479956037825,1.6330306103782446
0.2917775304769253,0.3199647135834727,0.33862173628880476,0.3293101873623578,0.0,0.13415949659260887,0.11384293048764985,0.21803844019092725,1.6194154749010818
0.23061071086293639,0.25486351421851483,0.2907736093784923,0.2548382710832896,0.13415949659260887,0.0,0.09391905236483206,0.22383718728067076,1.7485697451617206
0.2076017450826415,0.23516776653578716,0.2787045549340813,0.23433170005962398,0.11384293048764985,0.09391905236483206,0.0,0.1901461259772531,1.7317361120414037
0.33709577665035145,0.3685371016549489,0.3649935223302782,0.3624479956037825,0.21803844019092725,0.22383718728067076,0.1901461259772531,0.0,1.6410058651578465
1.6690411207429126,1.7287951740807623,1.371478631916288,1.6330306103782446,1.6194154749010818,1.7485697451617206,1.7317361120414037,1.6410058651578465,0.0
