0.0,0.1826137654508135,0.21359249573739994,0.15956848559026507,0.19521326976278958,0.19180722144606097,0.19189128748997278,0.1859103900966757,0.17102995948149277
0.1826137654508135,0.0,0.16764208710771034,0.12255866534161215,0.1468811988817465,0.14069908047042,0.13935637149266658,0.12996736909764764,0.11642180489705868
0.21359249573739994,0.16764208710771034,0.0,0.16567029226913574,0.1942461674238336,0.19028892907886316,0.19156087065995675,0.18050928844267064,0.1717490559438201
0.15956848559026507,0.12255866534161215,0.16567029226913574,0.0,0.1316118658708999,0.14007584312642712,0.1303756381841259,0.13219984091442985,0.11771798703006352
0.19521326976278958,0.1468811988817465,0.1942461674238336,0.1316118658708999,0.0,0.1536484749665093,0.15161200581748482,0.1485416913104297,0.13230384235950293
0.19180722144606097,0.14069908047042,0.19028892907886316,0.14007584312642712,0.1536484749665093,0.0,0.16852494770159598,0.14628604587317245,0.13018854927586127
0.19189128748997278,0.13935637149266658,0.19156087065995675,0.1303756381841259,0.15161200581748482,0.16852494770159598,0.0,0.14770285499060834,0.1196972985607818
0.1859103900966757,0.12996736909764764,0.18050928844267064,0.13219984091442985,0.1485416913104297,0.14628604587317245,0.14770285499060834,0.0,0.12287819559772788
0.17102995948149277,0.11642180489705868,0.1717490559438201,0.11771798703006352,0.13230384235950293,0.13018854927586127,0.1196972985607818,0.12287819559772788,0.0
