0.0,0.17193375893385068,0.18104150771594654,0.20079585324608085,0.17729354696067998,0.1770163123527236,0.17740095830708344,0.16871969382020546,0.1390680508984286
0.17193375893385068,0.0,0.1768380141410589,0.184499079141914,0.15269316184898893,0.17772513254813957,0.16893698172854857,0.15684187829388316,0.12665759382291158
0.18104150771594654,0.1768380141410589,0.0,0.21459969808434384,0.14712889174775026,0.16516663991879277,0.16325930136576705,0.1597600756652631,0.1276576262707816
0.20079585324608085,0.184499079141914,0.21459969808434384,0.0,0.2061834979990333,0.22428393086382076,0.2047784779893688,0.20776827093130149,0.16919937541221525
0.17729354696067998,0.15269316184898893,0.14712889174775026,0.2061834979990333,0.0,0.157436442508451,0.17306232186092152,0.16283417991296573,0.12895074502077497
0.1770163123527236,0.17772513254813957,0.16516663991879277,0.22428393086382076,0.157436442508451,0.0,0.16600328386041124,0.16581020382271375,0.1307301939080125
0.17740095830708344,0.16893698172854857,0.16325930136576705,0.2047784779893688,0.17306232186092152,0.16600328386041124,0.0,0.19101353971222299,0.1326197818674201
0.16871969382020546,0.15684187829388316,0.1597600756652631,0.20776827093130149,0.16283417991296573,0.16581020382271375,0.19101353971222299,0.0,0.131218448807125
0.1390680508984286,0.12665759382291158,0.1276576262707816,0.16919937541221525,0.12895074502077497,0.1307301939080125,0.1326197818674201,0.131218448807125,0.0
