0.0,0.20801783583156433,0.21574958152196697,0.19953019535331085,0.21160310500704713,0.2011940394968946,0.22276443871833343,0.19639847793990833,0.17773630080365851
0.20801783583156433,0.0,0.1854162174079228,0.14032951365733315,0.17873898459287063,0.17402258741152316,0.1788831293993119,0.173931737466953,0.16294746788060857
0.21574958152196697,0.1854162174079228,0.0,0.17936170607961038,0.19699930546017283,0.19857341661130842,0.2011993308712046,0.17990725645876537,0.17627047690924905
0.19953019535331085,0.14032951365733315,0.17936170607961038,0.0,0.16189953122019546,0.14777336029927485,0.16137629727714947,0.13600195785657057,0.12095466152942701
0.21160310500704713,0.17873898459287063,0.19699930546017283,0.16189953122019546,0.0,0.1796437276613521,0.18353655102239785,0.17571723857227137,0.14511469038618635
0.2011940394968946,0.17402258741152316,0.19857341661130842,0.14777336029927485,0.1796437276613521,0.0,0.18931059413513704,0.16061054560674654,0.14707323210624046
0.22276443871833343,0.1788831293993119,0.2011993308712046,0.16137629727714947,0.18353655102239785,0.18931059413513704,0.0,0.170695110358749,0.15899214400474596
0.19639847793990833,0.173931737466953,0.17990725645876537,0.13600195785657057,0.17571723857227137,0.16061054560674654,0.170695110358749,0.0,0.1365994389418242
0.17773630080365851,0.16294746788060857,0.17627047690924905,0.12095466152942701,0.14511469038618635,0.14707323210624046,0.15899214400474596,0.1365994389418242,0.0
