0.0,0.32448468172836065,0.21550696913283582,0.4520630725389397,0.41093752462737515,0.27189681520451275,0.4496480272071656,0.4341366980313885,1.3511187289963908
0.32448468172836065,0.0,0.2516929413031688,0.3822691852780231,0.34433917273586334,0.2851648711719203,0.3869188567240286,0.3632766898155966,1.1497325164716221
0.21550696913283582,0.2516929413031688,0.0,0.40753883893598414,0.4352128997478855,0.30589471001870105,0.48203634660597244,0.46599695325109636,1.3081439286997623
0.4520630725389397,0.3822691852780231,0.40753883893598414,0.0,0.4263857475183991,0.3748491525472421,0.46385587882156104,0.4667136652953692,1.1164859687976696
0.41093752462737515,0.34433917273586334,0.4352128997478855,0.4263857475183991,0.0,0.15783800051398372,0.21383862709485918,0.19143821028002156,1.106714672088371
0.27189681520451275,0.2851648711719203,0.30589471001870105,0.3748491525472421,0.15783800051398372,0.0,0.22669395822282704,0.22257522721506137,1.2633375495759924
0.4496480272071656,0.3869188567240286,0.48203634660597244,0.46385587882156104,0.21383862709485918,0.22669395822282704,0.0,0.21989718791932972,1.1334031426283009
0.4341366980313885,0.3632766898155966,0.46599695325109636,0.4667136652953692,0.19143821028002156,0.22257522721506137,0.21989718791932972,0.0,1.1449233524206321
1.3511187289963908,1.1497325164716221,1.3081439286997623,1.1164859687976696,1.106714672088371,1.2633375495759924,1.1334031426283009,1.1449233524206321,0.0
