0.0,0.22284954732312898,0.18503389892463631,0.19495459775993973,0.19325159800514463,0.2026973217583269,0.18848965036220905,0.19740167372633077,0.16288348721204635
0.22284954732312898,0.0,0.16922155750081921,0.19691631915715824,0.20156064937544182,0.19875282632056604,0.19604916216345408,0.1932848958392255,0.1632844773634511
0.18503389892463631,0.16922155750081921,0.0,0.16704864718310672,0.1684317456913418,0.172468074943618,0.1653486975862158,0.16659257391120122,0.14009695222663016
0.19495459775993973,0.19691631915715824,0.16704864718310672,0.0,0.17041544117925514,0.16545169142405258,0.16823330319598248,0.1675221455070539,0.13194074117020424
0.19325159800514463,0.20156064937544182,0.1684317456913418,0.17041544117925514,0.0,0.16754151712106885,0.16474500014541996,0.17130006925371888,0.14897820731167474
0.2026973217583269,0.19875282632056604,0.172468074943618,0.16545169142405258,0.16754151712106885,0.0,0.17214133158268843,0.17910124007684597,0.1488887942468763
0.18848965036220905,0.19604916216345408,0.1653486975862158,0.16823330319598248,0.16474500014541996,0.17214133158268843,0.0,0.17672411338767846,0.1365361778619575
0.19740167372633077,0.1932848958392255,0.16659257391120122,0.1675221455070539,0.17130006925371888,0.17910124007684597,0.17672411338767846,0.0,0.12671741221744687
0.16288348721204635,0.1632844773634511,0.14009695222663016,0.13194074117020424,0.14897820731167474,0.1488887942468763,0.1365361778619575,0.12671741221744687,0.0
