0.0,0.1826137654508135,0.21359249573739994,0.15956848559026507,0.19521326976278958,0.18570245302517654,0.1876280169384367,0.19417712524806807,0.17657988988117726
0.1826137654508135,0.0,0.16764208710771034,0.12255866534161215,0.1468811988817465,0.13448765620494768,0.15232403870085096,0.13614742850235742,0.11384465409819597
0.21359249573739994,0.16764208710771034,0.0,0.16567029226913574,0.1942461674238336,0.1990778472185658,0.18189912834345764,0.18867117000481307,0.16325432304916315
0.15956848559026507,0.12255866534161215,0.16567029226913574,0.0,0.1316118658708999,0.14352774678641436,0.1372900069898348,0.1342010542464355,0.12404411588187003
0.19521326976278958,0.1468811988817465,0.1942461674238336,0.1316118658708999,0.0,0.1490367572795533,0.14862485030686248,0.1448876324439722,0.13333592076144923
0.18570245302517654,0.13448765620494768,0.1990778472185658,0.14352774678641436,0.1490367572795533,0.0,0.16852494741204632,0.14628604699315947,0.13018855010536193
0.1876280169384367,0.15232403870085096,0.18189912834345764,0.1372900069898348,0.14862485030686248,0.16852494741204632,0.0,0.14770285567473235,0.11969729897595024
0.19417712524806807,0.13614742850235742,0.18867117000481307,0.1342010542464355,0.1448876324439722,0.14628604699315947,0.14770285567473235,0.0,0.12287819582442491
0.17657988988117726,0.11384465409819597,0.16325432304916315,0.12404411588187003,0.13333592076144923,0.13018855010536193,0.11969729897595024,0.12287819582442491,0.0
