0.0,5.328162549290293,5.36059713492499,5.257176935435408,5.136710533673667,5.280613554889523,0.39248654844890607,0.3767731969442915,1.3378251747188223
5.328162549290293,0.0,0.25903914095648994,0.32972290605750737,0.570887179041131,0.41562926081901724,5.408664721932576,5.441186636220187,4.9244892980133645
5.36059713492499,0.25903914095648994,0.0,0.2579850769199374,0.6241325445460358,0.45150682593119196,5.507335353709515,5.552158250253003,4.998672136043026
5.257176935435408,0.32972290605750737,0.2579850769199374,0.0,0.6066486157909857,0.4613365797750941,5.1066306291957995,5.148456384499677,4.649116630686847
5.136710533673667,0.570887179041131,0.6241325445460358,0.6066486157909857,0.0,0.2726928048373587,4.765482993009225,4.807574726639807,4.2542684539409095
5.280613554889523,0.41562926081901724,0.45150682593119196,0.4613365797750941,0.2726928048373587,0.0,5.18029905845413,5.218221824568298,4.676337661482837
0.39248654844890607,5.408664721932576,5.507335353709515,5.1066306291957995,4.765482993009225,5.18029905845413,0.0,0.16319141594756015,1.3224061542650527
0.3767731969442915,5.441186636220187,5.552158250253003,5.148456384499677,4.807574726639807,5.218221824568298,0.16319141594756015,0.0,1.3616449433121294
1.3378251747188223,4.9244892980133645,4.998672136043026,4.649116630686847,4.2542684539409095,4.676337661482837,1.3224061542650527,1.3616449433121294,0.0
