0.0,0.20855583471967118,0.21588497384783772,0.2899051600890816,0.5813583461530694,0.41648762604507084,0.39248655685876144,0.3767731963771055,1.3378251988325447
0.20855583471967118,0.0,0.25903914095648994,0.32972290605750737,0.570887179041131,0.41562926081901724,0.39197965397483375,0.36549947716654835,1.392184819049951
0.21588497384783772,0.25903914095648994,0.0,0.2579850769199374,0.6241325445460358,0.45150682593119196,0.4200590239778841,0.39689311833510593,1.4635745351213372
0.2899051600890816,0.32972290605750737,0.2579850769199374,0.0,0.6066486157909857,0.4613365797750941,0.4439762228738639,0.4278160814905292,1.2747223628625475
0.5813583461530694,0.570887179041131,0.6241325445460358,0.6066486157909857,0.0,0.2726928048373587,0.24930794549307847,0.25395079467378584,1.2220362698580833
0.41648762604507084,0.41562926081901724,0.45150682593119196,0.4613365797750941,0.2726928048373587,0.0,0.2037476643697236,0.1854991758282136,1.3956668320128232
0.39248655685876144,0.39197965397483375,0.4200590239778841,0.4439762228738639,0.24930794549307847,0.2037476643697236,0.0,0.16319140437049529,1.3224061542416612
0.3767731963771055,0.36549947716654835,0.39689311833510593,0.4278160814905292,0.25395079467378584,0.1854991758282136,0.16319140437049529,0.0,1.3616449496554923
1.3378251988325447,1.392184819049951,1.4635745351213372,1.2747223628625475,1.2220362698580833,1.3956668320128232,1.3224061542416612,1.3616449496554923,0.0
