0.0,0.9137440219237734,0.9288128123825277,0.8821947271258118,0.9034495087739032,0.8954375337501184,0.8887888625670921,0.8776223098706186,0.7562888133139546
0.9137440219237734,0.0,0.8289812500431403,0.7819547873789118,0.8081726740496911,0.8263963739357068,0.8379190648616162,0.802116976423523,0.684989621925615
0.9288128123825277,0.8289812500431403,0.0,0.8533159988120391,0.8417048658968239,0.8771976025663556,0.8466401729806466,0.8308718512417603,0.7167424858407481
0.8821947271258118,0.7819547873789118,0.8533159988120391,0.0,0.8197339563538687,0.8201025413669522,0.8175555656828091,0.799626991366608,0.6733435452692386
0.9034495087739032,0.8081726740496911,0.8417048658968239,0.8197339563538687,0.0,0.7881259798174731,0.8198270978595732,0.7962677044507841,0.677671453951219
0.8954375337501184,0.8263963739357068,0.8771976025663556,0.8201025413669522,0.7881259798174731,0.0,0.8459419173617706,0.7901660165035279,0.6705729970941003
0.8887888625670921,0.8379190648616162,0.8466401729806466,0.8175555656828091,0.8198270978595732,0.8459419173617706,0.0,0.826795222642192,0.671025210778561
0.8776223098706186,0.802116976423523,0.8308718512417603,0.799626991366608,0.7962677044507841,0.7901660165035279,0.826795222642192,0.0,0.6341854893699745
0.7562888133139546,0.684989621925615,0.7167424858407481,0.6733435452692386,0.677671453951219,0.6705729970941003,0.671025210778561,0.6341854893699745,0.0
