0.0,0.27481024781677305,0.3725906446398664,0.2570409487015809,0.2917775304769253,0.23061071086293639,6.3000700643018135,6.237321382106379,5.550260501781304
0.27481024781677305,0.0,0.37279144978178613,0.2900474390309111,0.3199647135834727,0.25486351421851483,6.359513924528794,6.2990940688389765,5.604713288096641
0.3725906446398664,0.37279144978178613,0.0,0.20019661930306243,0.33862173628880476,0.2907736093784923,5.688460594776903,5.607576576456856,4.943714413110666
0.2570409487015809,0.2900474390309111,0.20019661930306243,0.0,0.3293101873623578,0.2548382710832896,6.274325241502506,6.21342414590056,5.516105272892099
0.2917775304769253,0.3199647135834727,0.33862173628880476,0.3293101873623578,0.0,0.13415949659260887,5.802495080538466,5.732891770680727,5.065282222908491
0.23061071086293639,0.25486351421851483,0.2907736093784923,0.2548382710832896,0.13415949659260887,0.0,6.168611871550882,6.1097635578037295,5.4521431834386975
6.3000700643018135,6.359513924528794,5.688460594776903,6.274325241502506,5.802495080538466,6.168611871550882,0.0,0.1901461082748703,1.73173613777162
6.237321382106379,6.2990940688389765,5.607576576456856,6.21342414590056,5.732891770680727,6.1097635578037295,0.1901461082748703,0.0,1.6410058638244551
5.550260501781304,5.604713288096641,4.943714413110666,5.516105272892099,5.065282222908491,5.4521431834386975,1.73173613777162,1.6410058638244551,0.0
