0.0,12.189850782248497,12.074695295805201,11.700514095171767,12.181007225427528,18.01504873453894,24.835488327877833,24.556809081195723,23.376936750780374
12.189850782248497,0.0,1.417535691976482,1.9449194014145539,1.7714599803326083,6.816203175559556,23.371091242428847,23.364035282823757,21.83923156697523
12.074695295805201,1.417535691976482,0.0,1.5179124289716557,2.043555589847613,7.418462709476241,23.657470792138426,23.644123470820638,22.01520138965939
11.700514095171767,1.9449194014145539,1.5179124289716557,0.0,2.1921099967341453,6.7734977825372304,24.052945561163945,23.98412187715813,22.130224194728427
12.181007225427528,1.7714599803326083,2.043555589847613,2.1921099967341453,0.0,6.044087377516871,21.75853502917171,21.717531971291773,20.362848175542666
18.01504873453894,6.816203175559556,7.418462709476241,6.7734977825372304,6.044087377516871,0.0,17.892542921301054,17.86861039555695,17.953476422142575
24.835488327877833,23.371091242428847,23.657470792138426,24.052945561163945,21.75853502917171,17.892542921301054,0.0,0.9842965422018568,6.9501922301356664
24.556809081195723,23.364035282823757,23.644123470820638,23.98412187715813,21.717531971291773,17.86861039555695,0.9842965422018568,0.0,6.5811845720505335
23.376936750780374,21.83923156697523,22.01520138965939,22.130224194728427,20.362848175542666,17.953476422142575,6.9501922301356664,6.5811845720505335,0.0
