0.0,0.1254165438866261,0.12673320267599184,0.13510690754674937,0.12968977389362837,0.13046169613640585,0.12504438094187004,0.13358893596889304,0.10811859582079869
0.1254165438866261,0.0,0.129863373885629,0.13765121008089423,0.1282986793506432,0.1414081714505302,0.13462795829961016,0.14093001409780262,0.1158042835620134
0.12673320267599184,0.129863373885629,0.0,0.12663565519584233,0.13489875557372544,0.14191162387407066,0.13253270517722585,0.13855143465433384,0.11011999505918917
0.13510690754674937,0.13765121008089423,0.12663565519584233,0.0,0.14962362008448488,0.13906581199338972,0.14604926114744213,0.1497589362657691,0.11942565403054727
0.12968977389362837,0.1282986793506432,0.13489875557372544,0.14962362008448488,0.0,0.13446753524704796,0.13526883888365596,0.1443909692356602,0.11954024587168269
0.13046169613640585,0.1414081714505302,0.14191162387407066,0.13906581199338972,0.13446753524704796,0.0,0.13717338443193122,0.1358609879073766,0.11367301051588002
0.12504438094187004,0.13462795829961016,0.13253270517722585,0.14604926114744213,0.13526883888365596,0.13717338443193122,0.0,0.14065960218455076,0.12317980726688314
0.13358893596889304,0.14093001409780262,0.13855143465433384,0.1497589362657691,0.1443909692356602,0.1358609879073766,0.14065960218455076,0.0,0.11677199203978131
0.10811859582079869,0.1158042835620134,0.11011999505918917,0.11942565403054727,0.11954024587168269,0.11367301051588002,0.12317980726688314,0.11677199203978131,0.0
