0.0,0.17193375893385068,0.18104150771594654,0.20079585324608085,0.17729354696067998,0.1770163123527236,0.1729182709508822,0.17639224487865796,0.13626347489327728
0.17193375893385068,0.0,0.1768380141410589,0.184499079141914,0.15269316184898893,0.17772513254813957,0.16191686089170648,0.15836096155631801,0.12357120641070816
0.18104150771594654,0.1768380141410589,0.0,0.21459969808434384,0.14712889174775026,0.16516663991879277,0.16730608334529715,0.1653280534055456,0.13125897120094915
0.20079585324608085,0.184499079141914,0.21459969808434384,0.0,0.2061834979990333,0.22428393086382076,0.21417743268760836,0.21530386257343098,0.17192165372594118
0.17729354696067998,0.15269316184898893,0.14712889174775026,0.2061834979990333,0.0,0.157436442508451,0.17042167348738727,0.16326712757159154,0.12872294402580023
0.1770163123527236,0.17772513254813957,0.16516663991879277,0.22428393086382076,0.157436442508451,0.0,0.16790201550209893,0.17266262212978575,0.13146751033488605
0.1729182709508822,0.16191686089170648,0.16730608334529715,0.21417743268760836,0.17042167348738727,0.16790201550209893,0.0,0.1910135382578106,0.1326197827137325
0.17639224487865796,0.15836096155631801,0.1653280534055456,0.21530386257343098,0.16326712757159154,0.17266262212978575,0.1910135382578106,0.0,0.13121844866379406
0.13626347489327728,0.12357120641070816,0.13125897120094915,0.17192165372594118,0.12872294402580023,0.13146751033488605,0.1326197827137325,0.13121844866379406,0.0
