0.0,0.12832911438441583,0.133395328482578,0.12734559517621535,0.1260879890382419,0.12882740711699675,0.12504438306843424,0.1335889392008682,0.10811859767712206
0.12832911438441583,0.0,0.129863373885629,0.13765121008089423,0.1282986793506432,0.1414081714505302,0.13687299526302368,0.1387439405630142,0.11905772792605328
0.133395328482578,0.129863373885629,0.0,0.12663565519584233,0.13489875557372544,0.14191162387407066,0.14029282182106997,0.13389187752027285,0.10374502616737305
0.12734559517621535,0.13765121008089423,0.12663565519584233,0.0,0.14962362008448488,0.13906581199338972,0.14681270106297659,0.15320216840813639,0.11761073682797461
0.1260879890382419,0.1282986793506432,0.13489875557372544,0.14962362008448488,0.0,0.13446753524704796,0.14139626943675992,0.1528277461759949,0.1207238276311071
0.12882740711699675,0.1414081714505302,0.14191162387407066,0.13906581199338972,0.13446753524704796,0.0,0.14541051270401553,0.1369945714704416,0.11603705649079442
0.12504438306843424,0.13687299526302368,0.14029282182106997,0.14681270106297659,0.14139626943675992,0.14541051270401553,0.0,0.14065960354916873,0.1231798078709736
0.1335889392008682,0.1387439405630142,0.13389187752027285,0.15320216840813639,0.1528277461759949,0.1369945714704416,0.14065960354916873,0.0,0.1167719935569161
0.10811859767712206,0.11905772792605328,0.10374502616737305,0.11761073682797461,0.1207238276311071,0.11603705649079442,0.1231798078709736,0.1167719935569161,0.0
