1.0000000000000002,0.2950612619345464,0.26569082394685745,0.3190734846515782,0.2963314941805357,0.30206829761243037,0.29012991131003885,0.29035995582774765,0.310376566765484
0.2950612619345464,1.0000000000000002,0.284968487002549,0.28836384595298287,0.29194898925150703,0.2922036255173236,0.29271892219502815,0.3076078142957266,0.31325577049660763
0.26569082394685745,0.284968487002549,1.0000000000000002,0.3370794473126456,0.296488972965017,0.29849622743787324,0.3102892142795244,0.2760578325394592,0.2855141493583419
0.3190734846515782,0.28836384595298287,0.3370794473126456,1.0000000000000002,0.27353802890610956,0.2879727921530119,0.30287027570096303,0.2958558862077781,0.28729687975748264
0.2963314941805357,0.29194898925150703,0.296488972965017,0.27353802890610956,1.0000000000000002,0.29711858383835815,0.2957696479645459,0.2957962963954557,0.28372800105632484
0.30206829761243037,0.2922036255173236,0.29849622743787324,0.2879727921530119,0.29711858383835815,1.0000000000000002,0.29896630334076607,0.27794193491132646,0.2841321092967126
0.29012991131003885,0.29271892219502815,0.3102892142795244,0.30287027570096303,0.2957696479645459,0.29896630334076607,1.0000000000000002,0.2921561534012116,0.3175155886941984
0.29035995582774765,0.3076078142957266,0.2760578325394592,0.2958558862077781,0.2957962963954557,0.27794193491132646,0.2921561534012116,1.0000000000000002,0.28075628560918486
0.310376566765484,0.31325577049660763,0.2855141493583419,0.28729687975748264,0.28372800105632484,0.2841321092967126,0.3175155886941984,0.28075628560918486,1.0000000000000002
