1.0000000000000002,0.27195136595927294,0.2873658210817718,0.285371639613146,0.3183419403418914,0.278841494127666,0.29019372174441427,0.290813538706008,0.28392495248334115
0.27195136595927294,1.0000000000000002,0.2841453806089598,0.2802711255569167,0.32009501611194335,0.2745428204423882,0.31560639212278374,0.2765034622992026,0.28536160207989664
0.2873658210817718,0.2841453806089598,1.0000000000000002,0.29784847544170073,0.2861505024611602,0.2932789842591213,0.30143353070003615,0.326708657670486,0.2990989165963903
0.285371639613146,0.2802711255569167,0.29784847544170073,1.0000000000000002,0.3225406957168866,0.27998012847062775,0.2932606955832712,0.2763826820265771,0.2791020835428994
0.3183419403418914,0.32009501611194335,0.2861505024611602,0.3225406957168866,1.0000000000000002,0.2965742131610633,0.29735112178825085,0.3183032864965893,0.27910507994627887
0.278841494127666,0.2745428204423882,0.2932789842591213,0.27998012847062775,0.2965742131610633,1.0000000000000002,0.29969555797274394,0.31644571528546295,0.31031420294027023
0.29019372174441427,0.31560639212278374,0.30143353070003615,0.2932606955832712,0.29735112178825085,0.29969555797274394,1.0000000000000002,0.28599772226317777,0.28792242009535746
0.290813538706008,0.2765034622992026,0.326708657670486,0.2763826820265771,0.3183032864965893,0.31644571528546295,0.28599772226317777,1.0000000000000002,0.3090182211881526
0.28392495248334115,0.28536160207989664,0.2990989165963903,0.2791020835428994,0.27910507994627887,0.31031420294027023,0.28792242009535746,0.3090182211881526,1.0000000000000002
