1.0000000000000002,0.6451550486072646,0.5029010745071734,0.3939351049847758,0.24845098933487542,0.2618733293877529,0.4886127644366457,0.3200635839221772,0.3001979193973609
0.6451550486072646,1.0000000000000002,0.48148398000641046,0.5257336127169638,0.2602253590239475,0.3662244548613708,0.47267648400231277,0.32029611057695484,0.3534875747667898
0.5029010745071734,0.48148398000641046,1.0000000000000002,0.4384172643501071,0.2688003283732675,0.25212535951920007,0.4164199549479096,0.34719401914414766,0.3422934199791523
0.3939351049847758,0.5257336127169638,0.4384172643501071,1.0000000000000002,0.2459370489534199,0.32577692464338476,0.29316567535498433,0.23251470890054246,0.40180257783474554
0.24845098933487542,0.2602253590239475,0.2688003283732675,0.2459370489534199,1.0000000000000002,0.7676398985703983,0.5419024198060746,0.6275707978091262,0.48148398000641046
0.2618733293877529,0.3662244548613708,0.25212535951920007,0.32577692464338476,0.7676398985703983,1.0000000000000002,0.5029010745071734,0.5083818885736032,0.5259661393717416
0.4886127644366457,0.47267648400231277,0.4164199549479096,0.29316567535498433,0.5419024198060746,0.5029010745071734,1.0000000000000002,0.4831319503702159,0.4193868286328838
0.3200635839221772,0.32029611057695484,0.34719401914414766,0.23251470890054246,0.6275707978091262,0.5083818885736032,0.4831319503702159,1.0000000000000002,0.48696479407284043
0.3001979193973609,0.3534875747667898,0.3422934199791523,0.40180257783474554,0.48148398000641046,0.5259661393717416,0.4193868286328838,0.48696479407284043,1.0000000000000002
