1.0000000000000002,0.40677723013621864,0.74457483370583,0.7269905829076917,0.49277467518190665,0.4751904243837684,0.4281943246369816,0.34171320507771774,0.3908409497018857
0.40677723013621864,1.0000000000000002,0.3320704802660269,0.3049400450440564,0.4227135105705517,0.3480067607003599,0.47267648400231277,0.40677723013621864,0.4482925158165755
0.74457483370583,0.3320704802660269,1.0000000000000002,0.6879892376087904,0.42281005095841034,0.36371051447991515,0.34303210839888676,0.29316567535498433,0.3749046692675527
0.7269905829076917,0.3049400450440564,0.6879892376087904,1.0000000000000002,0.41225804420264867,0.35003702656823965,0.3895220463807167,0.3161341998316939,0.3895220463807167
0.49277467518190665,0.4227135105705517,0.42281005095841034,0.41225804420264867,1.0000000000000002,0.5083818885736033,0.4550922332041745,0.5243181690079364,0.4329364502836771
0.4751904243837684,0.3480067607003599,0.36371051447991515,0.35003702656823965,0.5083818885736033,1.0000000000000002,0.5029010745071734,0.42819432463698154,0.5688003283732674
0.4281943246369816,0.47267648400231277,0.34303210839888676,0.3895220463807167,0.4550922332041745,0.5029010745071734,1.0000000000000002,0.4227135105705517,0.40129641606978883
0.34171320507771774,0.40677723013621864,0.29316567535498433,0.3161341998316939,0.5243181690079364,0.42819432463698154,0.4227135105705517,1.0000000000000002,0.38203345369778796
0.3908409497018857,0.4482925158165755,0.3749046692675527,0.3895220463807167,0.4329364502836771,0.5688003283732674,0.40129641606978883,0.38203345369778796,1.0000000000000002
