1.0000000000000002,0.3068964103569845,0.2944901936994919,0.31688580083276685,0.27631995311081575,0.3159849297197237,0.28813219929312595,0.28504073207388303,0.2947263164364509
0.3068964103569845,1.0000000000000002,0.2899266705852603,0.28323127086513955,0.2952593181950078,0.28106667697519117,0.27836123767402476,0.2879010597851663,0.2976941091881777
0.2944901936994919,0.2899266705852603,1.0000000000000002,0.2725072206256041,0.288985516019909,0.2945714731052755,0.297352935064696,0.2984165618517989,0.30560286740358356
0.31688580083276685,0.28323127086513955,0.2725072206256041,1.0000000000000002,0.3088818065444015,0.28452196426258186,0.288777036283437,0.293239049810647,0.30029637281338833
0.27631995311081575,0.2952593181950078,0.288985516019909,0.3088818065444015,1.0000000000000002,0.2834519388593091,0.2848324284972588,0.31590045355649143,0.2815603819640638
0.3159849297197237,0.28106667697519117,0.2945714731052755,0.28452196426258186,0.2834519388593091,1.0000000000000002,0.28732470693552925,0.30475249814778854,0.32596469814727685
0.28813219929312595,0.27836123767402476,0.297352935064696,0.288777036283437,0.2848324284972588,0.28732470693552925,1.0000000000000002,0.2827764365092172,0.29865463013090454
0.28504073207388303,0.2879010597851663,0.2984165618517989,0.293239049810647,0.31590045355649143,0.30475249814778854,0.2827764365092172,1.0000000000000002,0.2955503604080669
0.2947263164364509,0.2976941091881777,0.30560286740358356,0.30029637281338833,0.2815603819640638,0.32596469814727685,0.29865463013090454,0.2955503604080669,1.0000000000000002
