1.0000000000000002,0.47135758068114375,0.49244560813927035,0.5083818885736033,0.3576494855120507,0.35325504811201214,0.3851276089806781,0.34171320507771774,0.2992267043228488
0.47135758068114375,1.0000000000000002,0.4655476995720774,0.5847366088076005,0.3187446806010081,0.372034335970437,0.29351336360164115,0.3145827698557472,0.27722939492065135
0.49244560813927035,0.4655476995720774,1.0000000000000002,0.7231577392050671,0.3749046692675527,0.35896838883321974,0.3320704802660269,0.3320704802660269,0.3430321083988868
0.5083818885736033,0.5847366088076005,0.7231577392050671,1.0000000000000002,0.3104208591104863,0.31042085911048634,0.33755129433245684,0.30877288874668096,0.3161341998316939
0.3576494855120507,0.3187446806010081,0.3749046692675527,0.3104208591104863,1.0000000000000002,0.5902174228740305,0.6061537033083633,0.5902174228740302,0.5297989830743661
0.35325504811201214,0.372034335970437,0.35896838883321974,0.31042085911048634,0.5902174228740305,1.0000000000000002,0.6275707978091262,0.5083818885736033,0.3838087056595091
0.3851276089806781,0.29351336360164115,0.3320704802660269,0.33755129433245684,0.6061537033083633,0.6275707978091262,1.0000000000000002,0.6522838330374998,0.5649674846706428
0.34171320507771774,0.3145827698557472,0.3320704802660269,0.30877288874668096,0.5902174228740302,0.5083818885736033,0.6522838330374998,1.0000000000000002,0.5704482987370728
0.2992267043228488,0.27722939492065135,0.3430321083988868,0.3161341998316939,0.5297989830743661,0.3838087056595091,0.5649674846706428,0.5704482987370728,1.0000000000000002
