1.0000000000000002,0.271148260142392,0.30169193347398177,0.2788281954298795,0.29104813027652016,0.32507160053971285,0.29751905687566876,0.27777163740914795,0.3038486794898161
0.271148260142392,1.0000000000000002,0.3479520131962075,0.25242993075580333,0.271121028918509,0.2965103996675191,0.29700920405574904,0.30315084229574046,0.30852450233662165
0.30169193347398177,0.3479520131962075,1.0000000000000002,0.2836261763907574,0.3440759036068714,0.297057159425771,0.2943389960507414,0.3009506160180509,0.30790005877716614
0.2788281954298795,0.25242993075580333,0.2836261763907574,1.0000000000000002,0.3313968520455035,0.2939043322818263,0.3177003909573546,0.31597014091480635,0.2784333608329969
0.29104813027652016,0.271121028918509,0.3440759036068714,0.3313968520455035,1.0000000000000002,0.3086894889442424,0.28981671323602426,0.299067999339814,0.28282767587412055
0.32507160053971285,0.2965103996675191,0.297057159425771,0.2939043322818263,0.3086894889442424,1.0000000000000002,0.31861183645612945,0.31614548374288554,0.3090376304296712
0.29751905687566876,0.29700920405574904,0.2943389960507414,0.3177003909573546,0.28981671323602426,0.31861183645612945,1.0000000000000002,0.30277089827185405,0.3035238604410129
0.27777163740914795,0.30315084229574046,0.3009506160180509,0.31597014091480635,0.299067999339814,0.31614548374288554,0.30277089827185405,1.0000000000000002,0.31407673961276467
0.3038486794898161,0.30852450233662165,0.30790005877716614,0.2784333608329969,0.28282767587412055,0.3090376304296712,0.3035238604410129,0.31407673961276467,1.0000000000000002
