5.000000000000001,2.4082243876295886,2.344088265719179,2.232797570543683,1.8895762474164397,1.7412491243424477,2.0444792658922566,1.6411339627505686,1.6325243861438308
2.4082243876295886,5.000000000000001,1.8842314196169285,2.0828570843633027,1.792617174237892,1.7596582367028346,1.9862890113578322,1.6662687393620765,1.8150054838131668
2.344088265719179,1.8842314196169285,5.000000000000001,2.903144490271253,1.7281333640808256,1.6489356364227366,1.840128140418639,1.8733009834044532,1.6665818203513163
2.232797570543683,2.0828570843633027,2.903144490271253,5.000000000000001,1.6242884003721645,1.7675789380142426,1.7000837303797671,1.6117407350059407,1.7113311136288425
1.8895762474164397,1.792617174237892,1.7281333640808256,1.6242884003721645,5.000000000000001,3.1955506525314625,2.893458453533142,2.897291297235766,2.258705642832343
1.7412491243424477,1.7596582367028346,1.6489356364227366,1.7675789380142426,3.1955506525314625,5.000000000000001,2.8044941348024786,2.4716404423242837,2.381959922425268
2.0444792658922566,1.9862890113578322,1.840128140418639,1.7000837303797671,2.893458453533142,2.8044941348024786,5.000000000000001,2.5391876665541835,2.1918438785607397
1.6411339627505686,1.6662687393620765,1.8733009834044532,1.6117407350059407,2.897291297235766,2.4716404423242837,2.5391876665541835,5.000000000000001,2.1723483895339615
1.6325243861438308,1.8150054838131668,1.6665818203513163,1.7113311136288425,2.258705642832343,2.381959922425268,2.1918438785607397,2.1723483895339615,5.000000000000001
