5.000000000000001,1.4273344495833504,1.4266729502592925,1.5298852969742398,1.4877639750812761,1.526313433585158,1.462172596775061,1.4329972565737734,1.4683275415581345
1.4273344495833504,5.000000000000001,1.4895197777191997,1.3983443233534276,1.453896405428111,1.4346776530202852,1.5208120093318156,1.4569062983151757,1.469196637093541
1.4266729502592925,1.4895197777191997,5.000000000000001,1.488186662885222,1.5276693002028061,1.48141230664185,1.5442427853128546,1.486712174274554,1.508315106340075
1.5298852969742398,1.3983443233534276,1.488186662885222,5.000000000000001,1.5430435041579318,1.4448505387092643,1.48369189853695,1.4673292439514605,1.4331420539476913
1.4877639750812761,1.453896405428111,1.5276693002028061,1.5430435041579318,5.000000000000001,1.4812234646630367,1.4882459315045076,1.5154292077297917,1.4255668734164122
1.526313433585158,1.4346776530202852,1.48141230664185,1.4448505387092643,1.4812234646630367,5.000000000000001,1.5276788114786661,1.494289992060612,1.5532883618458182
1.462172596775061,1.5208120093318156,1.5442427853128546,1.48369189853695,1.4882459315045076,1.5276788114786661,5.000000000000001,1.4956570075979632,1.5021784737837933
1.4329972565737734,1.4569062983151757,1.486712174274554,1.4673292439514605,1.5154292077297917,1.494289992060612,1.4956570075979632,5.000000000000001,1.4785029262248202
1.4683275415581345,1.469196637093541,1.508315106340075,1.4331420539476913,1.4255668734164122,1.5532883618458182,1.5021784737837933,1.4785029262248202,5.000000000000001
