1.0000000000000002,0.5688003283732674,0.3320704802660269,0.28735579424591806,0.43367513870341157,0.3634779878251375,0.3257769246433847,0.2915177049911789,0.28877123795494575
0.5688003283732674,1.0000000000000002,0.24616087093919434,0.19167617850947888,0.394611860274069,0.3525163596922777,0.4281943246369816,0.26090211431324073,0.37490466926755267
0.3320704802660269,0.24616087093919434,1.0000000000000002,0.527614109735547,0.27780960982208586,0.26187332938775293,0.27209626910087825,0.4550922332041744,0.3582297004134853
0.28735579424591806,0.19167617850947888,0.527614109735547,1.0000000000000002,0.3570259586841955,0.4464120187979924,0.32161501389812386,0.4381847376953293,0.32703389483411255
0.43367513870341157,0.394611860274069,0.27780960982208586,0.3570259586841955,1.0000000000000002,0.6627392994054029,0.5671523580094621,0.5528640479389344,0.35906492922107847
0.3634779878251375,0.3525163596922777,0.26187332938775293,0.4464120187979924,0.6627392994054029,1.0000000000000002,0.5809037651049758,0.5221332956691171,0.4869647940728403
0.3257769246433847,0.4281943246369816,0.27209626910087825,0.32161501389812386,0.5671523580094621,0.5809037651049758,1.0000000000000002,0.4550922332041745,0.3779988245504429
0.2915177049911789,0.26090211431324073,0.4550922332041744,0.4381847376953293,0.5528640479389344,0.5221332956691171,0.4550922332041745,1.0000000000000002,0.3420608933243746
0.28877123795494575,0.37490466926755267,0.3582297004134853,0.32703389483411255,0.35906492922107847,0.4869647940728403,0.3779988245504429,0.3420608933243746,1.0000000000000002
