0.07143572717905045,0.18006400763988495,0.14493335783481598,0.21844787895679474,0.2202633172273636,5.849313735961914,5.626893043518066,5.603804588317871,4.772128582000732
0.18006400763988495,0.07596518844366074,0.1388898342847824,0.16246551275253296,0.15860669314861298,6.325974464416504,6.124118804931641,6.3982038497924805,5.362688064575195
0.14493335783481598,0.1388898342847824,0.10156038403511047,0.24560698866844177,0.29116469621658325,5.894341945648193,5.662717342376709,5.51119327545166,4.894099712371826
0.21844787895679474,0.16246551275253296,0.24560698866844177,0.1879199892282486,0.4089864194393158,6.224071979522705,5.930741786956787,5.648009300231934,5.0089192390441895
0.2202633172273636,0.15860669314861298,0.29116469621658325,0.4089864194393158,0.18406185507774353,6.035808563232422,5.789566516876221,5.82180118560791,4.9024977684021
5.849313735961914,6.325974464416504,5.894341945648193,6.224071979522705,6.035808563232422,0.11516048014163971,0.20485703647136688,0.19612835347652435,0.7388034462928772
5.626893043518066,6.124118804931641,5.662717342376709,5.930741786956787,5.789566516876221,0.20485703647136688,0.1779656857252121,0.28094834089279175,0.6881992220878601
5.603804588317871,6.3982038497924805,5.51119327545166,5.648009300231934,5.82180118560791,0.19612835347652435,0.28094834089279175,0.17774273455142975,0.7376918792724609
4.772128582000732,5.362688064575195,4.894099712371826,5.0089192390441895,4.9024977684021,0.7388034462928772,0.6881992220878601,0.7376918792724609,0.0
