0.11284377425909042,0.20809876918792725,0.2017795443534851,0.19451218843460083,0.2790590524673462,0.20244894921779633,6.432016372680664,5.9941840171813965,4.59785795211792
0.20809876918792725,0.13667841255664825,0.2242652326822281,0.23313699662685394,0.3060263693332672,0.24784304201602936,6.677438735961914,6.111384391784668,4.625303745269775
0.2017795443534851,0.2242652326822281,0.10526803880929947,0.15732857584953308,0.24488422274589539,0.18848685920238495,6.594085693359375,6.094812870025635,4.733430862426758
0.19451218843460083,0.23313699662685394,0.15732857584953308,0.05308375135064125,0.20819950103759766,0.11175864189863205,6.720305919647217,6.169918537139893,4.69341516494751
0.2790590524673462,0.3060263693332672,0.24488422274589539,0.20819950103759766,0.10910184681415558,0.20914427936077118,6.509877681732178,5.9765706062316895,4.713982105255127
0.20244894921779633,0.24784304201602936,0.18848685920238495,0.11175864189863205,0.20914427936077118,0.06640951335430145,6.39399528503418,5.794978618621826,4.487110614776611
6.432016372680664,6.677438735961914,6.594085693359375,6.720305919647217,6.509877681732178,6.39399528503418,0.06565183401107788,0.13129858672618866,0.8760804533958435
5.9941840171813965,6.111384391784668,6.094812870025635,6.169918537139893,5.9765706062316895,5.794978618621826,0.13129858672618866,0.12196680903434753,0.8137905597686768
4.59785795211792,4.625303745269775,4.733430862426758,4.69341516494751,4.713982105255127,4.487110614776611,0.8760804533958435,0.8137905597686768,0.0
