0.07790275663137436,0.1706446409225464,0.21552574634552002,0.16466201841831207,0.18479207158088684,0.1690690815448761,6.332677364349365,6.130993366241455,4.383711338043213
0.1706446409225464,0.07377133518457413,0.21733687818050385,0.18185390532016754,0.19648757576942444,0.17448368668556213,6.134698390960693,6.061293125152588,4.395246505737305
0.21552574634552002,0.21733687818050385,0.19094760715961456,0.29456037282943726,0.4103754162788391,0.4033842086791992,6.1635565757751465,6.1017351150512695,4.61777925491333
0.16466201841831207,0.18185390532016754,0.29456037282943726,0.09696829319000244,0.23966887593269348,0.21450699865818024,6.236160755157471,6.13212776184082,4.532716751098633
0.18479207158088684,0.19648757576942444,0.4103754162788391,0.23966887593269348,0.09016585350036621,0.15224739909172058,6.1344709396362305,5.961036205291748,4.418061256408691
0.1690690815448761,0.17448368668556213,0.4033842086791992,0.21450699865818024,0.15224739909172058,0.06266570091247559,6.120475769042969,5.963474750518799,4.3048996925354
6.332677364349365,6.134698390960693,6.1635565757751465,6.236160755157471,6.1344709396362305,6.120475769042969,0.06601689755916595,0.12771853804588318,0.8941401839256287
6.130993366241455,6.061293125152588,6.1017351150512695,6.13212776184082,5.961036205291748,5.963474750518799,0.12771853804588318,0.09716616570949554,0.8943803310394287
4.383711338043213,4.395246505737305,4.61777925491333,4.532716751098633,4.418061256408691,4.3048996925354,0.8941401839256287,0.8943803310394287,0.0
