0.10511696338653564,6.038778781890869,5.879703998565674,5.603039264678955,5.529962062835693,5.913487434387207,0.23532304167747498,0.2435428500175476,0.5985133051872253
6.038778781890869,0.13507528603076935,0.22836895287036896,0.2682039439678192,0.37421882152557373,0.30025357007980347,5.987319469451904,6.043091297149658,4.8500590324401855
5.879703998565674,0.22836895287036896,0.11418785899877548,0.1942451298236847,0.35184648633003235,0.26746678352355957,5.682425498962402,5.730501651763916,4.6908278465271
5.603039264678955,0.2682039439678192,0.1942451298236847,0.21199730038642883,0.5367472767829895,0.4626896381378174,5.532448768615723,5.644149303436279,4.60860538482666
5.529962062835693,0.37421882152557373,0.35184648633003235,0.5367472767829895,0.24659723043441772,0.38615381717681885,5.726235389709473,5.79339075088501,4.445155620574951
5.913487434387207,0.30025357007980347,0.26746678352355957,0.4626896381378174,0.38615381717681885,0.22083982825279236,5.519534587860107,5.610543727874756,4.336175441741943
0.23532304167747498,5.987319469451904,5.682425498962402,5.532448768615723,5.726235389709473,5.519534587860107,0.21219654381275177,0.29618051648139954,0.8954143524169922
0.2435428500175476,6.043091297149658,5.730501651763916,5.644149303436279,5.79339075088501,5.610543727874756,0.29618051648139954,0.18733325600624084,0.9236953854560852
0.5985133051872253,4.8500590324401855,4.6908278465271,4.60860538482666,4.445155620574951,4.336175441741943,0.8954143524169922,0.9236953854560852,0.0
