3.8204808235168457,3.9938409328460693,4.005306243896484,4.026788234710693,3.9980287551879883,3.9976277351379395,3.9960832595825195,3.9961981773376465,3.9550132751464844
3.9938409328460693,3.833313226699829,4.011255264282227,4.023196220397949,3.9882402420043945,4.012147903442383,3.996192455291748,3.9907679557800293,3.9560651779174805
4.005306243896484,4.011255264282227,3.82955002784729,4.048882007598877,3.9775826930999756,3.993617057800293,3.9981462955474854,3.9940032958984375,3.958409547805786
4.026788234710693,4.023196220397949,4.048882007598877,3.793856382369995,3.9983997344970703,4.0132293701171875,4.005077838897705,4.002232551574707,3.959256172180176
3.9980287551879883,3.9882402420043945,3.9775826930999756,3.9983997344970703,3.8320438861846924,3.9907827377319336,4.0040602684021,3.9931552410125732,3.9586544036865234
3.9976277351379395,4.012147903442383,3.993617057800293,4.0132293701171875,3.9907827377319336,3.828221559524536,3.997382879257202,3.999387264251709,3.9579131603240967
3.9960832595825195,3.996192455291748,3.9981462955474854,4.005077838897705,4.0040602684021,3.997382879257202,3.825146198272705,4.014913082122803,3.954166889190674
3.9961981773376465,3.9907679557800293,3.9940032958984375,4.002232551574707,3.9931552410125732,3.999387264251709,4.014913082122803,3.8297665119171143,3.9605464935302734
3.9550132751464844,3.9560651779174805,3.958409547805786,3.959256172180176,3.9586544036865234,3.9579131603240967,3.954166889190674,3.9605464935302734,3.8666365146636963
