3.793983221054077,4.0022873878479,4.012246608734131,3.9896399974823,4.004629135131836,3.995911121368408,4.016964435577393,3.9876186847686768,3.967540979385376
4.0022873878479,3.8246822357177734,4.0142412185668945,3.960805892944336,4.003081321716309,3.998528003692627,4.002877235412598,3.9985225200653076,3.9831197261810303
4.012246608734131,4.0142412185668945,3.8108878135681152,3.9848175048828125,4.005955219268799,4.008446216583252,4.008328437805176,3.988926649093628,3.9816038608551025
3.9896399974823,3.960805892944336,3.9848175048828125,3.8460693359375,4.007602214813232,3.999115228652954,4.0134382247924805,3.9838714599609375,3.965853452682495
4.004629135131836,4.003081321716309,4.005955219268799,4.007602214813232,3.8228225708007812,4.004612922668457,4.006276607513428,4.000380039215088,3.9665005207061768
3.995911121368408,3.998528003692627,4.008446216583252,3.999115228652954,4.004612922668457,3.82796573638916,4.015740394592285,3.9869141578674316,3.9707558155059814
4.016964435577393,4.002877235412598,4.008328437805176,4.0134382247924805,4.006276607513428,4.015740394592285,3.8221492767333984,3.992966890335083,3.9786272048950195
3.9876186847686768,3.9985225200653076,3.988926649093628,3.9838714599609375,4.000380039215088,3.9869141578674316,3.992966890335083,3.8386247158050537,3.9743049144744873
3.967540979385376,3.9831197261810303,3.9816038608551025,3.965853452682495,3.9665005207061768,3.9707558155059814,3.9786272048950195,3.9743049144744873,3.851435661315918
